5377364
6704022
8422300
9241934
12508374
15203241
16564934
22555637
31721628
45346457
45602257
47730432
53671919
57632931
57663640
72587486
73372561
79814753
80137662
88919331
99702589
101763073
102127928
104285300
120703401
127546360
129835480
130299252
134240589
146776615
149484434
149953353
168011101
169094571
170456794
170653359
175064439
177968282
190366232
191891847
193315230
194579716
200124019
201280295
219883779
220492967
222339626
223878524
225140444
233694037
241458210
244621919
248321738
249473619
251003657
251627497
255545285
262097498
272548056
277671619
293099932
295619195
307159844
308715154
309454664
316574328
322426779
337984575
356815029
362076321
363818502
369125040
369677066
369913452
371651731
372633351
375507694
377280429
388632835
394842247
396306039
397106886
409093584
412116277
418479490
420403502
421352503
425935599
428124599
431276800
433850600
434059056
436557168
439906607
446767082
458432331
464044512
464660958
466137236
490537618
495150912
495698828
509060690
528462779
529580181
536703559
536946015
540489926
552269002
556852288
561920083
564643657
567620169
577302517
581449296
581462583
582258717
582911997
595140934
604702701
614281626
617126041
617496303
617783524
620143605
624301881
633202412
639284173
640936074
642453255
643060335
644957295
646621264
653207743
666560040
672989923
674717616
690238515
695901048
697197200
706233798
713316987
714839055
716388933
716884523
720715249
724873866
735383155
738889650
753202502
760498748
761321364
767569109
772107507
776417382
786835316
787910771
792109353
805333056
816040979
816543268
820130571
827161934
841510311
847085526
859592723
873717028
884251611
890387835
896145516
900131029
904044161
906127738
906995790
931295829
931854118
933434683
935641647
935641647
944145285
946118892
956156565
957379650
966076461
966532314
988127917
994022791
998504960
1001546482
1001766692
1001766692
1005318191
1005318191
1005519553
1005941561
1011198249
1018971670
1033205613
1042834080
1043170440
