1005519553
816040979
375507694
45602257
873717028
191891847
706233798
134240589
458432331
251627497
337984575
425935599
724873866
966076461
22555637
716388933
446767082
31721628
713316987
735383155
220492967
5377364
129835480
369125040
170653359
540489926
194579716
16564934
1011198249
421352503
644957295
6704022
946118892
805333056
295619195
149484434
219883779
9241934
582911997
495150912
434059056
241458210
653207743
80137662
776417382
509060690
101763073
102127928
827161934
397106886
772107507
786835316
277671619
760498748
99702589
536703559
931295829
255545285
695901048
582258717
248321738
595140934
738889650
104285300
57663640
127546360
604702701
79814753
369913452
433850600
1042834080
820130571
841510311
175064439
412116277
716884523
225140444
884251611
640936074
490537618
249473619
8422300
436557168
57632931
1043170440
190366232
439906607
900131029
988127917
431276800
998504960
1053610034
1001766692
272548056
73372561
966532314
363818502
890387835
944145285
904044161
193315230
956156565
720715249
633202412
617496303
146776615
464044512
316574328
222339626
642453255
409093584
466137236
1005941561
168011101
690238515
957379650
581462583
201280295
53671919
177968282
620143605
356815029
72587486
753202502
396306039
420403502
906995790
372633351
130299252
369677066
418479490
1005318191
170456794
529580181
935641647
1068854565
309454664
787910771
47730432
617783524
308715154
1018971670
859592723
223878524
556852288
567620169
906127738
1063857296
714839055
15203241
528462779
847085526
643060335
931854118
646621264
614281626
388632835
394842247
666560040
933434683
307159844
672989923
816543268
377280429
244621919
792109353
322426779
577302517
1001546482
45346457
12508374
674717616
561920083
564643657
761321364
495698828
120703401
362076321
994022791
639284173
581449296
464660958
767569109
552269002
262097498
371651731
617126041
1033205613
251003657
88919331
536946015
428124599
233694037
149953353
169094571
624301881
896145516
697197200
200124019
293099932
